37731264133423744587449053961224
46669733151840551657677399183128
76787564855235768146526046340040
36771570356413901846374288499145
74819658092645025763193493844312
759452245919494729121659364
56623293209946735848508535024632
80336974314712188933259375800
35562601167860781302407616286140
2846082299474712408197752388430
41897988279008374806912866086989
15238932338366789301252058910187
15421175463342620357387580967812
12968641196078597357337443894544
5005407254826368408486331303636
26552511105053577205570855650930
58787156295276917646291755785560
667883428231394294945222440789
42185734326494897487984097318938
23300483679962023264140591287550
7434593577331383781937316193314
12427008454508879690017158039843
569972717527742177985985169493
38774035345253227565609671496694
1224032799686029170126817891296
13870707469898597392842570319395
22098189578841673523085625693299
5732202212675319223746597337280
42975360996776387689543663034475
22917976604776964902793994616609
27286257705988266164499740849115
14931246022257464600432168343241
83987673985802365617747660997644
23809858598705305852582947380006
1656375101757068051712366637056
39926865371022433092987965299032
2817855439773748962197583310227
24059696626679382865977161754012
50498460091482552863924126007429
11073001466435540850106035784
178925256573167046022992908608
1162202099218378165217918774625
9461276149037776662057127709712
25229649276124491203808598931616
41113366260144798315722653309410
27650509146966125681948502657736
7519422518997045390271703879754
23956284983269674660408878170909
31013353157647634382397155381252
2702180154272641458582623134023
7662043808314375873077137419690
38008376759117518569158815807320
3600082498018432546633326320982
63936485896818053652823108853434
644245876611810113317761254713
57059874804231416417420975956972
14645695364562301392151517820696
58341156538162610587532866746534
10435524433155603564991228278972
244800080408950306675884107580
9099476911944480679414208548969
21386452654806815346318542024548
350949318899349504092826178188
9679129368991471823969507840788
46406044010212443367123614537745
39316844927723850384851207483088
65609861257320198334352818166367
2652896591634910420868652857520
16273756308024784973689589799820
41326265612356888536603136388482
19718393617974062387833055962520
43868096272488636086438173885679
64659619395735552743603901775988
4199556485235250601657859411072
6457268916559080398067983315825
2284249512591535496743893207851
44201112531644282073833221508
53878310241524892017761226225664
3004529692930731138191998743960
19724772437563630076780319224896
3627456482919952420461095297129
6722856679865292459752308979264
39177833849032251269790205439400
13719048282120556005141397034390
57205988433242059054625174211585
1995918267448207107110631036550
246118890567049019969979331824
5627346684945631378367068829226
7731383571556385133330097064292
5864680049202441670732818105026
767782599185596375925056376386
69490445267478657425449093042672
5352079293309477421172678782212
9741990734603816411380131800172
850191896827177360530046076320
12904582360383700609921338210753
30096888920144515746300877518028
42140087980661861569164827839214
14952218658046289221671335053944
854340291981177361681022342050
1109730010123480551478785118992
65253042990203372308597667208272
2600961753674920872830654450943
2154872699278436594213094404352
1747384318971125350343776135456
21671194179286680443324136264192
1387050981077740857075823418330
8196188827711829763595949382560
8382003008765665988524276213235
5213076771069858775238132166954
83457529951479120227824294640400
12154362827026939503641238557472
39324365944491934859256841824222
48289208163368454616884664487834
54742569220819618016307310889560
7515283290238098406124530090656
58120448012071897876234067981140
1416400221839965001586327569546
30379892073275743638762049614737
631254363812775894880665597313
8057038923646282990198788297659
747783513861560697820171274108
79398710504039478021544549260916
42346322138605019972244480158860
2576724297865351559882269089500
168351358050434283215984304996
330875528422290059480930800042
3249038025030371507283601294524
53594610178069397966424104711592
27790580016530600649381280738146
25475103793507298815580618110734
19356718471613128049105005766949
765102404897459687179259159580
23649397620215160087036598938002
10558969993207223150545214059360
40339097667211271921210163226500
18378517697785587298262420585702
431653598440420570403727279520
35345961939008441435822762168514
13511991855051406850433330354102
22313112796260569815495636669752
5127022166303933511590709974073
86046036122819455270227627749057
3060897084784693527546446038084
64825558145245277277558977369020
4979839476829903083669606551713
5597004913676575227959894262356
4685044987914461898574734904224
33736151985499979089708026206008
10024791518969923706769990272318
12656183034200006815260120210248
11507282864819318622526296502400
14779208427613084728312756706849
514784331528341130780779767744
63878459966402548906205167043328
42836623388082363206363075180828
326499763811131375286526780432
27505264611979101203619362706190
1124898681334288999433889108690
224733017738702564019313164298
39600306342802332111865886759540
1290941285042608719968657665196
2362793565554519820875133132580
55681836458197049582858364774
33746498864806769804151508020996
34330010586853084367009241221703
7454006098994944234335585075756
7246787726246303735564793706875
12393296492708653710538861135527
4656158615187476731092535899460
13193156802148945499865825809202
2408083573588084197609844743543
17709854207802938795149865998944
19293340412863559933886244003018
1041850396863077634696321320164
3324611326949384778280833456762
1221900218161007655777602265740
8306010736746396041181128369444
11553044917578005393845834228290
42621764948249111412659448286944
55466606321360528250090553779720
10623072028013980007440833585566
2620867894962152081823313509960
19051265618441352318018591004046
651921667135572901675730527056
52657331312293579194222245286850
944752607989161877410896951448
33853197255222945619477126183548
2726049219677257452730029294354
7442244222605313910718954824240
16942087730799488791454324129226
67217196918995553990916701754551
1235228231990217461447883744540
3075194812541654136670517666199
3999704504802712157159169394324
23913587136981632450626654780972
14367712522720038715762791561129
15329809342703687199696454762100
9091165327981373996495106280390
832335344953765771162974373977
8139274489437494
764599696532350
548785589582550
4469261069532082
885409760631996
3498124748789008
6022719696192
2359139943193056
8913629966897390
61840317248484
535922269518039
6681934622645784
1475021887387155
1327470122611470
13447435417200
105558713830500
1751207327958945
482869273620789
101207296245256
5242346033565564
8351070778273140
8052640302237184
2585797075590724
184265456955273
1856105780201640
494178251869495
545440441665588
318853764590220
3503733476152013
2205252729604386
6287538415908096
8879592024648420
3956669509446008
5430948929090705
4359718347277968
2490735118218480
315673011268740
6595786181787852
4650320096984828
586711076063728
6053070288533646
2819515743291312
2011870751227411
6194020620936420
2471700902877921
4252757699922490
134805496978752
1043774809631154
368681964699760
3737823406033725
363961859028708
8688576016002155
196469362932150
1062296618069799
291871108760000
675457247959284
2362673496277951
1369400722596822
2752504167914136
995416396427770
272284273792720
482842398995950
4093441844360022
441569775684284
836340268728976
4215991729933292
136789471434756
1518423989982832
6241024646963420
6333088149556470
4040207868482212
23132862144168
1634735022939244
1250107449939040
5687202315823640
3920320826165344
1758962662520355
1383885450428332
4458840696349699
106836185115980
1726978719228964
397257771893368
624373159230131
1596635025038615
8983415908057545
485922136227631
1885962706785822
742928617326000
7652048916059151
6642149850333400
7606112359357632
487086295546323
5488370528363844
4085733890275192
305142017145714
187111320136152
3277394035143195
1996538354696016
5860335961665500
5763914026463340
308390146284205
6053196624525344
5690099378715427
6280471622574291
1910242844353648
2064697419854795
2384794450688508
1544956081745025
4710374520537570
4856930717567492
2803741539202355
3419745815145257
1539765972510516
611095644577635
326243264568480
1441957476467295
96436160820165
1269083784512794
1015434318749370
161691034931596
854771159845911
3861886539241450
2067768910428596
1123223042105024
105038315757876
80867978933602
215046220336128
1287878529859086
2867021793134334
7211824139603520
683424322073290
2891309663185944
2605731307456525
7870580826984744
1859856204359925
6099110942305379
824398993175630
3610880923335
4933906965874780
4618813356882742
1547163415292516
4666851505626102
5354623268698004
5742352147836816
4081943082145620
2203074946243626
586366536807025
2405476306876898
8822383202780280
8326575864973818
237992441371542
5134003009792734
176791491882984
24898580834956
2324755530832448
139792776501174
5313179374649152
9615426447305
1509133725581952
1927741505826598
2554454489736156
2704432166135715
2264892646671495
3163543502824737
1132081042211247
1175832567342216
600332764966233
497268036909910
1093674007587558
2393710740433761
865545503984216
1270134804775310
248746452602500
1194381167648985
3093355073942028
332272594700
2899369174138892
146193769610996
2599949670326628
2806247580532154
353263898488176
2995887056645560
487393175082645
7261691820357884
3968077266803860
5529847344298116
385271389247157
837490286020924
5456899567479255
1143671901201648
3802604291732730
4881856793454564
331859807970
4954294378226234
2866579764009
624060683823552
194863877133655
2482751796507306
1178062553090365
3951393368050275
