151099187 3
151104010 4
151110045 4
151120023 4
151120083 4
151140015 3
151250177 4
161099024 4
161100011 4
161120093 4
161150021 3
161210042 4
161220158 4
171180591 4
171180607 3
171180609 3
171180645 4
171830526 4
171830544 4
171840514 3
171840627 3
171840708 4
171850505 4
171850524 4
171860001 3
171860006 4
171860008 3
171860009 4
171860010 3
171860014 3
171860019 4
171860021 4
171860022 4
171860032 3
171860033 4
171860511 3
171860513 4
171860516 3
171860517 4
171860519 4
171860523 4
171860524 3
171860526 4
171860530 3
171860534 3
171860535 3
171860537 4
171860539 4
171860540 3
171860541 4
171860542 4
171860551 4
171860555 3
171860557 4
171860561 4
171860563 3
171860565 3
171860566 4
171860568 3
171860570 3
171860572 3
171860573 3
171860576 4
171860577 3
171860579 4
171860581 3
171860588 4
171860596 4
171860602 6
171860604 3
171860610 3
171860612 6
171860614 4
171860616 3
171860618 3
171860626 4
171860627 3
171860628 4
171860630 3
171860631 3
171860634 6
171860636 3
171860645 3
171860646 4
171860648 4
171860657 4
171860659 3
171860669 4
171860670 3
171860672 3
171860675 4
171860676 4
171860682 4
171860683 4
171860684 3
171860685 3
171860689 4
171860692 4
171860700 4
171870545 3
