151099187 3
151104010 3
151110045 3
151120023 4
151120083 4
151140015 2
151250177 4
161099024 4
161100011 4
161120093 4
161150021 2
161210042 4
161220158 4
171180591 4
171180607 2
171180609 3
171180645 3
171830526 3
171830544 4
171840514 3
171840627 2
171840708 4
171850505 4
171850524 4
171860001 3
171860006 4
171860008 2
171860009 4
171860010 3
171860014 2
171860019 4
171860021 3
171860022 4
171860032 2
171860033 4
171860511 2
171860513 4
171860516 2
171860517 4
171860519 4
171860523 4
171860524 2
171860526 4
171860530 2
171860534 2
171860535 2
171860537 4
171860539 4
171860540 2
171860541 4
171860542 4
171860551 4
171860555 2
171860557 3
171860561 4
171860563 3
171860565 3
171860566 4
171860568 2
171860570 2
171860572 2
171860573 2
171860576 4
171860577 2
171860579 4
171860581 2
171860588 3
171860596 4
171860602 2
171860604 2
171860610 3
171860612 3
171860614 3
171860616 2
171860618 2
171860626 4
171860627 2
171860628 3
171860630 2
171860631 2
171860634 3
171860636 2
171860645 3
171860646 4
171860648 4
171860657 4
171860659 2
171860669 3
171860670 2
171860672 2
171860675 4
171860676 3
171860682 4
171860683 4
171860684 2
171860685 2
171860689 3
171860692 3
171860700 4
171870545 2
