151099187 4
151104010 4
151110045 4
151120023 4
151120083 4
151140015 4
151250177 5
161099024 4
161100011 5
161120093 4
161150021 4
161210042 4
161220158 4
171180591 4
171180607 4
171180609 4
171180645 4
171830526 4
171830544 5
171840514 4
171840627 4
171840708 4
171850505 4
171850524 4
171860001 4
171860006 4
171860008 4
171860009 4
171860010 4
171860014 4
171860019 4
171860021 4
171860022 4
171860032 4
171860033 4
171860511 4
171860513 4
171860516 4
171860517 4
171860519 4
171860523 4
171860524 4
171860526 4
171860530 4
171860534 4
171860535 4
171860537 4
171860539 4
171860540 4
171860541 4
171860542 5
171860551 4
171860555 4
171860557 4
171860561 4
171860563 4
171860565 4
171860566 4
171860568 4
171860570 4
171860572 4
171860573 4
171860576 4
171860577 4
171860579 4
171860581 4
171860588 4
171860596 4
171860602 6
171860604 4
171860610 4
171860612 6
171860614 4
171860616 4
171860618 4
171860626 4
171860627 4
171860628 4
171860630 4
171860631 4
171860634 6
171860636 4
171860645 4
171860646 5
171860648 4
171860657 4
171860659 4
171860669 5
171860670 4
171860672 4
171860675 4
171860676 5
171860682 4
171860683 4
171860684 4
171860685 4
171860689 4
171860692 4
171860700 4
171870545 4
