151099187 6
151104010 6
151110045 6
151120023 6
151120083 6
151140015 6
151250177 6
161099024 6
161100011 6
161120093 6
161150021 6
161210042 6
161220158 6
171180591 6
171180607 6
171180609 6
171180645 6
171830526 6
171830544 6
171840514 6
171840627 6
171840708 6
171850505 6
171850524 6
171860001 6
171860006 6
171860008 6
171860009 6
171860010 6
171860014 6
171860019 6
171860021 6
171860022 6
171860032 6
171860033 6
171860511 6
171860513 6
171860516 6
171860517 6
171860519 6
171860523 6
171860524 6
171860526 6
171860530 6
171860534 7
171860535 6
171860537 7
171860539 6
171860540 6
171860541 6
