151099187 2
151104010 2
151110045 3
151120023 4
151120083 4
151140015 2
151250177 4
161099024 4
161100011 3
161120093 3
161150021 2
161210042 3
161220158 4
171180591 4
171180607 2
171180609 2
171180645 2
171830526 3
171830544 4
171840514 2
171840627 2
171840708 4
171850505 4
171850524 3
171860001 2
171860006 4
171860008 2
171860009 4
171860010 2
171860014 2
171860019 4
171860021 3
171860022 4
171860032 1
171860033 4
171860511 1
171860513 4
171860516 1
171860517 4
171860519 4
171860523 4
171860524 1
171860526 4
171860530 1
171860534 1
171860535 1
171860537 4
171860539 4
171860540 1
171860541 4
171860542 4
171860551 4
171860555 2
171860557 2
171860561 4
171860563 2
171860565 2
171860566 3
171860568 2
171860570 1
171860572 1
171860573 1
171860576 4
171860577 1
171860579 4
171860581 1
171860588 3
171860596 3
171860602 1
171860604 1
171860610 3
171860612 2
171860614 3
171860616 1
171860618 1
171860626 4
171860627 1
171860628 2
171860630 1
171860631 1
171860634 2
171860636 2
171860645 3
171860646 3
171860648 3
171860657 3
171860659 1
171860669 2
171860670 2
171860672 1
171860675 4
171860676 3
171860682 3
171860683 4
171860684 1
171860685 1
171860689 2
171860692 2
171860700 4
171870545 2
