151099187 5
151104010 5
151110045 5
151120023 5
151120083 5
151140015 5
151250177 5
161099024 5
161100011 5
161120093 5
161150021 5
161210042 5
161220158 5
171180591 5
171180607 5
171180609 5
171180645 5
171830526 5
171830544 5
171840514 5
171840627 5
171840708 5
171850505 5
171850524 5
171860001 5
171860006 5
171860008 5
171860009 5
171860010 5
171860014 5
171860019 5
171860021 5
171860022 5
171860032 5
171860033 5
171860511 5
171860513 5
171860516 5
171860517 5
171860519 5
171860523 5
171860524 5
171860526 5
171860530 5
171860534 7
171860535 5
171860537 5
171860539 5
171860540 5
171860541 5
171860542 5
171860551 5
171860555 5
171860557 5
171860561 5
171860563 5
171860565 5
171860566 5
171860568 5
171860570 5
171860572 5
171860573 5
171860576 5
171860577 5
171860579 5
171860581 5
171860588 5
171860596 5
171860602 6
171860604 5
171860610 5
171860612 6
171860614 5
171860616 5
171860618 5
171860626 5
171860627 5
171860628 5
171860630 7
171860631 5
171860634 6
171860636 5
171860645 5
171860646 5
171860648 5
171860657 5
171860659 5
171860669 5
171860670 5
171860672 5
171860675 5
171860676 5
171860682 5
171860683 5
171860684 5
171860685 5
171860689 5
171860692 5
171860700 5
171870545 5
