171860542 6
171860551 7
171860555 6
171860557 6
171860561 6
171860563 6
171860565 6
171860566 6
171860568 6
171860570 6
171860572 6
171860573 6
171860576 6
171860577 7
171860579 6
171860581 6
171860588 6
171860596 6
171860602 7
171860604 6
171860610 6
171860612 7
171860614 6
171860616 6
171860618 6
171860626 6
171860627 6
171860628 6
171860630 7
171860631 6
171860634 6
171860636 6
171860645 6
171860646 6
171860648 6
171860657 6
171860659 6
171860669 6
171860670 6
171860672 6
171860675 6
171860676 6
171860682 6
171860683 6
171860684 6
171860685 6
171860689 6
171860692 6
171860700 6
171870545 6
