151140015
161150021
171180607
171840627
171860008
171860014
171860032
171860511
171860516
171860524
171860530
171860534
171860535
171860540
171860555
171860568
171860570
171860572
171860573
171860577
171860581
171860602
171860604
171860616
171860618
171860627
171860630
171860631
171860636
171860659
171860670
171860672
171860684
171860685
171870545
171860634
171860612
171860692
171860588
171860021
171860689
151104010
151110045
171860614
171860676
171180645
171860669
171860628
171860557
171830526
