151099187
151104010
151110045
151120023
151120083
151140015
161099024
161120093
161150021
161210042
161220158
171180591
171180607
171180609
171180645
171830526
171840514
171840627
171840708
171850505
171850524
171860001
171860006
171860008
171860009
171860010
171860014
171860019
171860021
171860022
171860032
171860033
171860511
171860513
171860516
171860517
171860519
171860523
171860524
171860526
171860530
171860534
171860535
171860537
171860539
171860540
171860541
171860551
171860555
171860557
