151099187
151140015
161150021
171180607
171180609
171840514
171840627
171860001
171860008
171860010
171860014
171860032
171860511
171860516
171860524
171860530
171860534
171860535
171860540
171860555
171860563
171860565
171860568
171860570
171860572
171860573
171860577
171860581
171860604
171860610
171860616
171860618
171860627
171860630
171860631
171860636
171860645
171860659
171860670
171860672
171860684
171860685
171870545
171860646
171860676
161100011
171860669
171860542
151250177
171830544
