171860669
171860570
171860555
171860551
171860646
171860618
171860676
171860657
171180607
171860565
171860009
171870545
171860010
171860628
171860573
171180591
171860581
171860692
151120083
171860513
171840514
171860626
171860032
171860516
171860021
171840708
171860014
171860683
171860596
171860700
161150021
171860537
171860577
171860572
171830526
171860511
171860523
171860541
151104010
171860682
171860685
151099187
171860648
151250177
171860616
171860568
171860519
151140015
171180609
171850505
