171860588
171860659
171860535
171860610
171860614
161210042
161099024
171860022
171850524
171860576
171860689
171860604
161220158
171860636
171860672
171860563
171860033
171860670
171860008
171180645
161120093
171860566
171860530
171860542
171860631
171860579
171860561
171860557
171860675
171860524
171860684
171860019
151110045
171860627
171860539
151120023
161100011
171860517
171860540
171860645
171860006
171830544
171860526
171840627
171860001
171860551
171860537
171860577
171860602
171860612
