171860032
171860511
171860516
171860524
171860530
171860534
171860535
171860540
171860570
171860572
171860573
171860577
171860581
171860602
171860604
171860616
171860618
171860627
171860630
171860631
171860659
171860672
171860684
171860685
171860010
171850524
171180645
161210042
171860689
171860669
171860657
171860566
171840514
171860628
161120093
171860692
171860648
161100011
151099187
151104010
171860001
171860634
171860557
171180609
171860596
171860612
171860563
171860565
171860682
171860646
