171860537
171850505
171860682
171830544
171860612
171860033
171860689
171860588
171860539
171860636
151250177
171860551
171860670
171860634
171860523
171860555
171860700
171860563
171860646
171860519
171850524
161099024
171860596
171860692
151110045
171860676
161220158
171180591
171860022
171860526
151120083
171860610
171860019
171860675
171860648
171860614
171860683
171860568
171860628
171860561
171860576
171860009
171860006
171860566
171860541
171860513
171860626
171860579
171860657
171860517
